0 0 p4 28 4 22 3 30 3 30 2 22 2 29
1 1 p5 17 3 19 3 20 3 19 2 17
2 2 p5 30 4 22 3 28 3 23 3 29 4 17 2 30 3 29 2 17 3 31
2 3 p4 27 4 30 3 26 4 27 4 20 2 24 3 24 4 22 3 20 3 21
3 4 p3 23 4 29 4 19 4 18 4 18
4 5 p2 20 3 20 2 26 2 20 4 18 2 31
5 6 p2 28 2 30 3 21 3 25 4 24 2 29
6 7 p1 17 4 28 3 21 2 22 2 28 2 25
6 8 p2 31 4 23 2 17 3 25 4 23 2 24 3 25 3 24
6 9 p5 21 4 17 4 24 2 30 3 29 2 27 2 31 2 30 4 31
7 10 p1 29 2 23 2 18 4 27 3 29 3 28 2 31 3 20 2 24
7 11 p2 18 4 26 2 31 3 23 2 21 3 25 2 23 4 20 2 19 2 27
7 12 p4 26 4 19 4 25 4 30 4 22 2 19 3 19 4 24 2 20 3 28
8 13 p3 17 2 31 3 23 2 18 4 30 2 20 2 26
8 14 p1 27 3 28 3 29 3 29 4 17 2 21 4 31 2 25
9 15 p4 24 2 27 3 27 3 25 2 21 3 26
9 16 p4 23 3 20 4 18 3 27 3 25 3 31 4 19 2 29 3 20 4 21
9 17 p3 18 4 27 2 20 3 28 4 29 2 23 3 30 2 29 4 22
10 18 p1 22 4 30 2 24 4 31 2 21 2 18
10 19 p3 22 4 30 4 17 2 29 2 18 3 19 3 21 4 29 4 30
11 20 p1 17 3 20 2 21 2 24 3 19 4 18
11 21 p4 22 2 23 4 29 4 23 2 21
11 22 p4 20 4 27 3 26 4 18 2 25
12 23 p5 30 2 25 3 21 3 31 4 19 3 25 2 27 2 23 3 18
12 24 p1 30 2 19 2 23 4 22 2 22 4 30 2 19 2 25 4 18
13 25 p5 18 2 30 2 27 2 17 2 24
14 26 p4 17 3 26 2 31 4 28 2 29 3 19 2 19 3 17 2 22 4 26
15 27 p5 20 3 19 2 17 2 23 4 21
15 28 p3 29 4 25 4 25 4 22 2 21
15 29 p1 25 2 23 4 20 3 23 4 24 2 27
16 30 p3 25 3 25 3 22 2 28 2 21 4 25 4 31 2 22
17 31 p3 27 3 19 4 29 3 26 3 26 2 25 4 29 4 18 4 20 2 25
17 32 p5 31 3 27 3 26 2 19 2 27 3 27 4 30 3 24 4 27
18 33 p1 23 4 19 4 19 2 27 3 19
18 34 p2 27 2 21 4 30 2 22 4 17 4 21 3 21 4 17
18 35 p4 29 3 30 4 28 4 19 3 28 4 25 2 19
19 36 p3 18 3 25 3 19 3 17 4 24
20 37 p5 19 3 17 3 29 4 23 2 18
20 38 p4 17 3 19 4 31 4 27 4 26 3 30 3 27 2 20 2 21 3 25
20 39 p1 18 4 31 2 22 3 24 3 18
